function  z = Death_Fit(x)
    z = 2042 * sin(0.07263 * x + -0.3312) + 9952 * sin(0.2652 * x + 0.3109) + 58940 * sin(0.5187 * x + 1.81) + 3922 * sin(0.9398 * x + -5.537) + 5221 * sin(0.7169 * x + -5.311) + 2597 * sin(1.127 * x + -4.029)+ 1398*sin(1.306*x+-2.574) + 61040*sin( 0.5147*x-1.108);
end
